$ANSIBLE_VAULT;1.1;AES256
34393261303630646439636439353233333936333139396166326537383664373664343737623461
3232356664623863363930643032316335373665333039660a623164343139666365656535376263
64353337306530306437353834333533663431613763633538663265393535616362343365303064
6432373430393139380a363363653966356530343439393533323266616237646465333638626438
64623730393834643735363232383864623534643766393761343734643334396236383630643265
38336363666234323464666165306663616337643639343334343432633438333738303661316535
61363734303438383939626430663039336436643433376130623132363131323030643939353264
65616231373937383866326363376465343133333063616637366432376361343733303035306263
32353463656637343030643832613061373432613862323964636437376465663837383366636361
32656237636133373936393934636232663130626164373466346139343661623337363865306435
30323930666537316131666132666161353561363338326332333431613032323061316535646437
34643966323437363238643838643766333931633361623462343064373532373935346534303066
31343438313663323062353861386239666366653465336635643037623830646364386461613230
39656635636333313932373433333961623939343365393564623733626565356637373364313035
62356463326565323537383935636639333964633932393731343364333365646263626562666336
31353633393232653739663036356164653534623137393562636533383134616363613132373933
61336464343334373564613631383566353464656531666263616132626435633231643038303630
65306361626532316635383039616263653236633261663334666332393761626333316335636332
64383963376433643761666336306136373134386664653636353065346539643861613833373363
35323563346535333434643466633564323565376262333066613530346439326333623030613539
38363531366164373663336139373365356666616366343662323365353465393962323630623830
39633765386562386435343934303630653163396664643761613835666465633737313865303366
64383434346638656262386238333738356332623332646436626139653539663164303839343733
66363565653434323031643235636531326362363431653965383839386634373036383335353634
31303839346465643233663836303934633036323438386539383331343732373565343636636138
35353161336466386532343431373138333864656230386163326531363232313037646131313334
36323434313265623466343631303439323837653135383736383030363630393637386361313762
64633361376235383564663632323662636132643337386138386437316333383838613731306565
39643437643733356130373137636132643634343237366162376137343735346261313065616235
62343739653461303539386536613863353662343161663036653033333737643465373838653239
30393931303232663562363233343339663032656338313333316333353564383635626437323932
30363332646661396665656363636161363330626266656165643339623733616436633237646538
62326662346130333634653835656662376131326137306262646534356131396636656163626366
61326562616534373439393762646365366261316264353539373433623030663833613630643034
38626631636332623832313836386133303137316335396630383962643661646336306565333564
66623136623366666462623531323138633439316364666135363538386231633161396365643534
33376565373366376564303435396439323735666138653763353332363831363938633764393136
66376132353863613064626364303961656331303762323263643232316635393533636461643938
34343137303431363564376564636264303061646535386639306436376232353864333163646234
39313435613735623037313034353137333461666538303336393464303932326532303131633739
64636662363338646164633030303932303430623037333239636361363135316466306562643466
65343664613064313561656333353966653339653339336565343135366237323835326134653161
33633334343765353962646335333431633830323237366335353164643034343938363062383038
64646137353736643238376433633332373664353461623034313964316434303666643532643234
37363166326366633334303763616535373265623836613965646132396662393733653734643763
31353038343962633333346261383637396339323637383735333535653036623435663163663838
32343931633833616261613032316566663734626133313364663031353538393266333261353832
35633232643437623939316330333264313863346330303162646336626237383133613065393261
34353862316330336466396432366631353832663365316564663365383664663366313233396438
39316661666563373363383731333762653063396265396432663064353733323935363938323064
35336334303130353765316333376635373230333033626437333236656535386265643664353466
32663761643033366630323462306437646637386635363731383938646130363261663833326664
34303161666230393835666633333530323336356664376239393066623438646666366138303163
37343637376266643138333432306630633061366337633831663932616634633430663334633338
36306230383666636662663237383039646235303437396162346466303066613937613863303235
65613132663132666231613661323765666637623236343931623366653966363534383130633731
37633037303766633062393834303966393034323665643036343739613263303832646635656432
61623335626630396634316238376164393861666437636531353431343034343439323939353030
65376361353731623538323561656237353738636562313965343463333433303134623836613834
61303232366565633238376436306431336666623264616466376264346533613263383564636230
35386631303063373939323737643935633439656634323664353639633663386337363131363863
37376538316666653933393962663131363564636461643265323733643832306466643931633834
61623564336663333031616432626139633336626535363361303136613465316262336130626135
39353835353866393462323632346439313564626232353566633263613535636366646137653363
38353365663932373536623861396533633434616131656235353734336330333466353363653335
62323366633630383466383937613632386665326662303435343434333633353034333637323438
31636136663063656161623930323565343161613764656565333130366139393037613531336137
66646630386431393661343433333564616232663363313065613138366439636163386665316631
32633133633462663865303331396339356430306339396538663133393263316530306661663438
64303132613965363432613962383831643764633234626331333963653864306363343330386664
35666333383635656130616164313839303564653138623737306463656130326466343766646361
39613737386336643765333862353834653962643436393561663261626164343037353639333834
38343737336161353036376136343063636534316133643536336131633038383738623838626364
34633538366466626537613262663865303034383032653263636262393034376138633631303263
34663435383165303131383963643833633238643632643036346338363636656363393631313062
62636536323031653164323463386235633837633366396531656566383464343261653663396334
33613133616236643834346539323031326136663562316161363163373839363461663936313865
38663565653465653532343931393235343330643530336665373165373961386533343533313931
65336266333633613164343438653762353030396534316162613766623031633738313230323730
35656166623863643262666239366261633633643361363163316664373131653461373266636138
62636239303331386431376165656332303736396539636364663634383432613666393766313132
36323965313335653934303533643238366530333933323266346666333764613263343036653237
37633334326239613637653662646164376163313763376633663236313539646636656333353339
33633865376361613734323463316262376436323138656562306265393836663861626330363766
31623837346663363161626566643833636530636566383239363462643162396434323334353839
65303435363339663266383763643634643364656237663965653531643338393863613035366538
39666463316361613231303931313039366231383663393036376131623532353264386562306130
36373735366462653332356563343234663362343137393433633637366335313430643035336338
38306131353234666536636630306163386238343065353063626234383938363732666363623666
62616334323263323734376239663132343263633464656631613437373033306261326565383639
61363064643635643362353761336533646361643731353133396337646636396437323030346432
36646333303164386164376631323862326237366635353632616339326332663531646563613464
33333165653937306436333435626263363333326637396134363762386631613761303133306664
32356564383636653065343566363564636237303363353131343965633465616463376233656236
32323061346536643534353963616533613838616364353431336532336438353765396431633861
31643837363463373338343261343564623532663538663564666630663066666630636439643062
37633139643363376137316465366336633666336637393034383330363035623335643036323130
38343365643631376131386637353538343038643938393266383131313137643331646337313733
36303538633330643334366662393362343931356530393037653264343836393138316233663939
63323334653536376535646135323462336230616564663564656535656165396533396531616166
62336363386235336264343533313838623234386433316439656466336266356666623662386232
38383662363434376436373563653630303665643934313831393065616430653933353334663338
32323163366638346166303731346161393963373161343064653764316664383131343836643765
63383139366261643233633362326638636535313864666261653361343339303964346565396336
61393438333231303839633232356565616334326633326337643963646137323962663761376134
65653933356235623562323135656631646433313865636566363362663638393731643336346130
63343232383065613362336534623131303330663239336637623338396264373362666236633038
34646433386663343938343966313962656663666666653666623939353735616264336331633865
30366264613638373032356266373664333533623535373132626663633666303663623335613737
36643462333864663530613434316462393937346233623738643930653630383730643462336535
36396231646166643937663361663163633266316434613434346239316366303761343939386430
64323066383265393035
