$ANSIBLE_VAULT;1.1;AES256
38343662326563653435363661333335393732323664376361383935333732306534386162323963
3564653933383236366637626362303730376536303966380a393637333562626165656666646433
30663962323464633933653066393234333061626563326564386262633362393765383137326265
3862353862336261610a396431653432343966653433373035383231336535346265393966326363
32343436373539633762636666306662306333623862613035316136653737633864616536326566
32393533626632643837643466383738353963623930306564373763373131643331323638303936
36306535366566356231613636666363383038366465366631346263386535616337306234386430
37396137356231353634323139386231326164623663326661303164336234653931393436383133
35643935383930646161346234383365623637343231363938303632636433616436626534326362
36336632333864303336613762623164333263393030666333336134316536633263313465313334
31376564653261363761373862643939663366643139623036656461626130306235373235376461
37323366306436363031313438633835313466653763333835383662656539656439306562376665
66346461663765383637633231366432383962636462343465333635666437636639303738666164
37313762303437363563333836376337623764373262336339613830393566363665663062343330
35353664356132363339656664613931376361356530383033613334343033373766646364363236
36383538393130323936333338333336653130393634613539373230383837313036663165366534
36306138303739333631623166373164643261643333356636626631313936356166396538366530
61343231393337343164353438313931643138663234373365363238353263366239636463613961
33623834383137326434616436653863353466613634336537323462316334616632333830623565
33333363363639306232666133376663386264653431323961386165353730656132613064656231
31313163656436336331396131356163346632363338313261393630316132623936663231386431
30313630643939626539653061353665343138313834386465363139366563333437343630313439
31303431616232623339333834623436373538346262313661653939633232323134366261383637
38373736333938313736376533323362626434623062643266393962633266323732363539366636
36646634653864653961623663616339653038656462356530386166383430313733303434343835
34336364316466656463653264326635366663636130326339303536363064313930346434653838
34393631633962303864326437343030643438306661323266346635343165313431613833303738
62663035663330363431373864396538306633623465656431636462323062343039313632633061
66376132393231303634643765376434376335373861346339316563323363376637383732383762
36636336336633383063653530303337323762303364363834326137616539373235636537396165
32343630633666366663376137303839663231623535393032323463303163386338666162303937
66636430663131643333643432323265613134313666353536633033343362663239616135303063
61633836323734326161386165346130376439376237343935653536653030646132373932616634
32656239333164376332313961303033376435623430623266373633666561373566626234343835
39663339376161396664616639373566643231373932633864366561633963393763343839376439
35396536613336383061303839383331383662666163653266383836323339323235633735356636
63636266396331643566386463643561343231396531366238653638336435303032666138666130
31643132643362323933613231316661653039396133626135633034343231313734333731316632
37313937326530653766336562313935636435663264643033323138656439633761633935626138
35653831326438643264323335643861386433626363633335343437333162366663666330393564
38616562363861623530393138633531636234393932656534666134346466653938643365613035
61323162326630656132376265643335383938663430653738616239383334616661626637643664
37353732336463373630356562386331393737616133663835306331393162396133623163333536
33386665343530346332383039343536396562376666306663646639363739653735383833626639
37333562346533346433353533363837323862333163363031346533623030396664343830646165
61623764663338386436666366643734623961366162643665363864636539363437656237653231
61656431363838623765396564613333346265613964663536376631663136323836626235346538
63653434653734633866633533646565323564306561646438363365333936383662323731613130
65613535626638303830343965376333326134623834636531626339653635356638316538393765
38343536353739646364393863393930313935366334386231383362366430656138643132386566
38633639343934333931626462653931346135373831616336353666663865356663646534653838
32303639653863323438636336313334343832636433636663653465333436343639376539376132
33316464626536373165303837313564643865663232316364646164623039653565623431313030
36636534353862306330373336633831313639623936326264393830393562346433393236333162
62323038363632306564353464666463333837646563663237303361353334316261316265353562
38663765653032336631383266373533613835313563346466363139666266613230396165616265
33313539373238616337616538353832616562663862336362626238363064653865353435646262
66666338633666306333323035333965356564343332346161656236633039643465353866663531
36363639343639623466373131353536636264356161383866656165646536393965623934666263
64333834323133373935303434346339393637626462376538343531366632613364656538323732
64373161656561653165366234373835656166383130353664663664373338303435303237656435
66653334316535386139353764333732333861303231363562383237363831386334343532376533
31383065663733393339393664663863373235323265356439646133303937653865323566306333
63356535616436393135623238663934613331653638666364623634663763313830616463636231
62646438653039656166383334656364333466353539316132653537623739386438353538326263
66386131653764616437613738326534353764386334636131663733313966663965303736643962
33393434643763313564666231333436346630643239666161393437303432656539666237363638
37306331313035346665363438646165643431643635646666353339383231346634616630393235
36653262636362373963323236646535383239643830386533653864373163306164303262653238
30353237633562306266396631363561643464373261353462366439633865396336633666633436
64656533646263303934383038376135643639373165613335363834356536343533613830383533
35323632353138393764376262363130366437393964366163396131303662393236633634643137
39323634623637316365333565383030396265386363363235356334393131373831646461616432
36663962343762616139366230316135376337613130326561653135343236643732663732323632
33616665303163383664353962376565336231393731613037666265383766353064623734383036
33653265353938376632383839643035383838376164373334656466626138626233326432616338
66356332376139333665303231383130366235646364613863343933316262646566346531376566
39386339656134626432643238336664373065383764323530633765323237343936316230333733
64353663616163613635643933346431656166326236656565646466393932643437323134616634
37366639663361613663383430613439366331663531303765393061386464396662326337663739
38326132323233626663303734663237363839636330316663663437313533383238306335623863
33336330323336383436626437613566313733623236323664363330313539393338363438613739
65346634393166386465396264343565393333343739303738366231313763336562393065396162
64353430626263313466383764366133346462663632323764633534366566373235653234663632
63386537323931353061323235613536656365333266656564343533363934633234626461306664
65366130386632633234333833633661333932383666613236316361346634333738393439323163
37633931636132616331366463303232663136313530323131366465376330373538313764353434
37323439313331356362623832356337376564613932303561653032356337323964393133373330
38303438333463346334623532643535633061626138653930656161613136326162643962623164
65393038373162383964326538623432633365306438303139373631343932626632336262373231
34343331353634613731343731633638623664613031643138316266393164353637303033333830
30346464633136616266383839356230353931363365316333633536333764333835343636393739
63326364366336383530663439653831663765393239376263613138323430633434616365633339
38613961326132336339613731623262386635376530323636383562383238343437313337633433
33363362613863363462623463323561313962333733353261333563396430393439626632663764
39393361333732663133383562653865303336663339613530373336633063623731386334623636
33373261393964643331643765373633323834333738333165346631663438313865663435636161
34656237636163336565623666643639356430623866393035393065616362306532346538623462
64353337613463373539663961363934636263646563323036343931656636393937663966633431
66376339303235646432626637663462626137343330376233313936626637626562376661646633
31616434306437613938303366653761623766633638303835663434323431353862623032333061
65333631306135373061323133373163343534666238376533646233643166376235613534316131
61373236333766386338616332616632353665623634646562633333333335303961663364333030
31303362383963643466323839333563623134643663613730613634303631646661616161613835
30626462303335313063376365633937656633366533356465663632326361346565303431323665
63373539353135643562383831626339373764376466653336653532393634376330343638613664
64653936623163663034653532366261323132643634333064633333633232646338646430373833
61666338336633633634633637626662313533616539646462633862653631393130643734653037
35653664616231343730363733633739393335326464343061323133303061313234313531356464
64373161336336343061636633346637623931616433656338653636363565383462323064386562
32623931643933343836346463306264383432396534336231306234386135656433623363616131
39643766376562636535636535363431356261336163373638623863646234393033333431303230
34353064316136306165343734316466656635383866396531343639306435373561383937643062
62393665626261623538326230313035396236393136653762643538643166333138656264633435
34396638663032663363653261663638393666623436333737373036616237336139616461366330
65653530313331343636
